ASTP_VM=0.129492
ASTP_Axis1=0.036998
